-105.0164561       30.77682329         -142.836318   1000     1
-105.0319348       30.76174619         -143.266632   3        2
-105.0337078       30.76339929         -143.097259   4        3
-105.0354153       30.76507035         -142.722965   5        4
-105.0371494       30.76661119         -142.481311   6        5
-105.0381023       30.76796897         -142.592133   7        6
-105.0364652       30.76873018         -143.194621   8        7
-105.0334581       30.76653858         -143.321609   10       9
-105.0317011       30.76492176         -143.506473   11       10
-105.0302011       30.76327466         -143.365491   12       11
-105.0164561       30.77682329         -143.336818   1001     12
-105.0164561       30.77682329         -143.369918   1002     13
-105.0297867       30.76662138         -143.375175   15       14
-105.0286321       30.76544932         -143.312474   16       15
-105.0273378       30.76562815         -143.255143   17       16
-105.0283007       30.76753723         -143.31301    18       17
-105.031607        30.76773316         -143.471431   19       18
-105.0331899       30.76926681         -143.303366   20       19
-105.030087        30.77014934         -143.033487   21       20
-105.0313482       30.77121278         -143.016267   22       21
-105.0282434       30.77191848         -143.055834   23       22
-105.0260438       30.76957309         -142.943268   24       23
-105.0164561       30.77682329         -142.836318   1003     24
-105.0164561       30.77682329         -142.836318   1004     25
-105.0422515       30.77804294         -143.807918   27       26
-105.0438462       30.77617414         -143.765618   28       27
-105.0446893       30.77425849         -143.263698   29       28
-105.0430623       30.77266169         -143.320829   30       29
-105.0433888       30.77072949         -143.29787    31       30
-105.0397027       30.76943044         -143.041538   32       31
-105.0385294       30.77046334         -143.095418   33       32
-105.0355188       30.77153568         -143.840183   34       33
-105.033214        30.77260007         -143.782729   35       34
-105.031511        30.77479035         -143.904551   36       35
-105.0310979       30.77575694         -143.834068   37       36
-105.0333615       30.77533728         -143.778349   38       37
-105.0349838       30.7745676          -143.739568   39       38
-105.0362914       30.77467044         -143.636655   40       39
-105.0384424       30.77460725         -143.562888   41       40
-105.0387522       30.77288173         -143.388565   42       41
-105.0403714       30.77285327         -143.784822   43       42
-105.0164561       30.77682329         -142.836318   1005     43
-105.0164561       30.77682329         -142.836318   1006     44
-105.0257906       30.78488515         -143.876139   46       45
-105.0290649       30.78443655         -143.770955   47       46
-105.0305974       30.7839438          -143.478511   48       47
-105.0320369       30.78526083         -143.43598    49       48
-105.0332589       30.78436463         -143.677955   50       49
-105.035696        30.78248779         -143.832599   51       50
-105.0380098       30.78023019         -143.66767    52       51
-105.0394045       30.77929623         -143.822978   53       52
-105.0386756       30.77812731         -143.582784   54       53
-105.0409993       30.77634255         -143.750787   55       54
-105.0406865       30.7747425          -143.531653   56       55
-105.0372929       30.77542409         -143.462355   57       56
-105.0364489       30.77654673         -143.569613   58       57
-105.0358005       30.77851634         -143.544101   60       59
-105.0356226       30.77941623         -143.367869   61       60
-105.034419        30.77982506         -143.522214   62       61
-105.0330483       30.77919164         -143.785543   63       62
-105.0304756       30.78034139         -143.655409   64       63
-105.0296722       30.78138718         -143.509269   65       64
-105.0299671       30.78290655         -143.515563   66       65
-105.0164561       30.77682329         -142.836318   1007     66
-105.0164561       30.77682329         -142.836318   1008     67
-105.0182954       30.77856697         -142.797899   69       68
-105.0197728       30.7800952          -143.166706   70       69
-105.0211625       30.78166518         -143.307462   71       70
-105.0230539       30.78263883         -143.402587   72       71
-105.024346        30.78140024         -143.317691   73       72
-105.025166        30.781393           -143.418835   74       73
-105.0260892       30.78137281         -143.416771   75       74
-105.0271466       30.78029335         -143.292574   76       75
-105.0284756       30.77904477         -143.304948   77       76
-105.0308463       30.77780824         -143.553735   78       77
-105.0276451       30.77686345         -143.198261   79       78
-105.0259927       30.77868877         -143.351136   80       79
-105.0235195       30.77963513         -143.205828   81       80
-105.020492        30.77727657         -143.116675   83       82
-105.018444        30.77540921         -142.799777   84       83
-105.0218341       30.77279462         -142.819588   86       85
-105.024886        30.77091969         -142.674133   87       86
-105.0255296       30.77268237         -142.877074   88       87
-105.0238291       30.7743429          -142.994143   89       88
-105.0228264       30.77573114         -142.881736   90       89
-105.0242825       30.77648993         -143.111129   91       90
-105.0251638       30.77607262         -142.991631   92       91
-105.0273655       30.77441327         -143.222931   93       92
-105.0289859       30.77307992         -143.067931   94       93
-105.01533         30.77389417         -142.677594   95       94
-105.0168028       30.77165197         -142.790346   96       95
-105.0187927       30.77082008         -142.749255   97       96
-105.0164561       30.77682329         -142.836318   1009     97
